      2.1000000     -1.6550700      1101.1665     0.86693000      303.10074     0.86693000
      2.1100000     -1.6611300      1107.5808     0.87050500      304.46721     0.87050500
      2.1200000     -1.6592300      1104.7976     0.87242000      305.69632     0.87242000
      2.1300000     -1.6219900      1057.5882     0.84312500      287.05049     0.84312500
      2.1400000     -1.6406100      1080.5280     0.86479500      300.21551     0.86479500
      2.1500000     -1.6338900      1072.3905     0.85901500      296.67431     0.85901500
      2.1600000     -1.5699600      992.05376     0.80700000      264.92152     0.80700000
      2.1700000     -1.5906800      1016.9766     0.82437500      274.36487     0.82437500
      2.1800000     -1.5615800      983.10712     0.79197500      256.50579     0.79197500
      2.1900000     -1.5444800      960.17008     0.78345000      250.72970     0.78345000
      2.2000000     -1.5201200      931.08304     0.77416500      244.50681     0.77416500
      2.2100000     -1.4996300      908.36388     0.71146000      219.85090     0.71146000
      2.2200000     -1.5287600      940.70552     0.78303500      250.35223     0.78303500
      2.2300000     -1.5207500      930.65508     0.78645000      250.82180     0.78645000
      2.2400000     -1.4781200      881.95592     0.72409500      221.98867     0.72409500
      2.2500000     -1.4650000      868.55816     0.60366500      196.57825     0.65132500
      2.2600000     -1.5127700      920.84316     0.78938500      251.96545     0.78938500
      2.2700000     -1.4661000      866.34976     0.75080000      229.38610     0.75080000
      2.2800000     -1.4664200      868.60464     0.73931000      226.00954     0.73931000
      2.2900000     -1.4445900      840.88852     0.71728500      213.99403     0.71728500
      2.3000000     -1.3917500      783.42020     0.62901500      178.53653     0.62982500
      2.3100000     -1.3804000      769.85192     0.64516500      176.18185     0.64516500
      2.3200000     -1.4174900      811.26956     0.70005500      202.45295     0.70005500
      2.3300000     -1.2872800      671.52408     0.14490000      105.63024     0.44798000
      2.3400000     -1.2905200      674.90480     0.47991000      115.58324     0.48162000
      2.3500000     -1.3875900      778.33908     0.69025000      196.88618     0.69025000
      2.3600000     -1.3242400      711.12232     0.56448000      151.13470     0.56871000
      2.3700000     -1.2588800      641.90968     0.42483500      101.87221     0.44257500
      2.3800000     -1.2932500      677.71772     0.53057500      146.20227     0.57514500
      2.3900000     -1.3049100      689.51460     0.59864000      154.54660     0.59864000
      2.4000000     -1.2696000      652.43520    -0.42602500      129.31169     0.53736500
