      2.0000000     -1.7456739     0.74710023     0.91136238     0.39748435     0.91136238
      2.0200000     -1.7307938     0.77759818     0.90466504     0.43232314     0.90466504
      2.0400000     -1.7154708     0.81778726     0.89699089     0.54237973     0.89699089
      2.0600000     -1.6983744     0.87213240     0.88866070     0.62095639     0.88866070
      2.0800000     -1.6812652     0.91412609     0.87941730     0.75433659     0.87941730
      2.1000000     -1.6623048     0.95964316     0.86900191     0.90273493     0.86900191
      2.1200000     -1.6408803      1.0436288     0.85571821      1.2416932     0.85571821
      2.1400000     -1.6207008      1.1142629     0.84307920      1.5916021     0.84307920
      2.1600000     -1.5982151      1.2271745     0.82697361      2.3422282     0.82697361
      2.1800000     -1.5723356      1.3915046     0.80547031      3.8322248     0.80547031
      2.2000000     -1.5464642      1.5338026     0.78380585      5.1303599     0.78380585
      2.2200000     -1.5142472      1.7671711     0.74344500      13.988587     0.74344500
      2.2400000     -1.4863093      1.7811479     0.72170335      11.037016     0.72170335
      2.2600000     -1.4471289      2.0238179     0.65588386      29.080943     0.65588386
      2.2800000     -1.4007058      2.3733406     0.31590646      602.48893     0.53379432
      2.3000000     -1.3480387      2.3734604     0.11819241      425.61731     0.35299155
