      2.0000000     -1.7451517     0.74719231     0.91088077     0.41495025     0.91088077
      2.0200000     -1.7304744     0.78916752     0.90428896     0.45219429     0.90428896
      2.0400000     -1.7150233     0.82066004     0.89700888     0.51950605     0.89700888
      2.0600000     -1.6987324     0.89192883     0.88871373     0.66305083     0.88871373
      2.0800000     -1.6806714     0.91850243     0.87923790     0.74165288     0.87923790
      2.1000000     -1.6630377     0.97287215     0.86951453     0.95616521     0.86951453
      2.1200000     -1.6431196      1.0533466     0.85784972      1.1792712     0.85784972
      2.1400000     -1.6215168      1.1291207     0.84378956      1.5686204     0.84378956
      2.1600000     -1.5974898      1.2192223     0.82578449      2.5443032     0.82578449
      2.1800000     -1.5726789      1.3505240     0.80737971      3.1933757     0.80737971
      2.2000000     -1.5470630      1.4621951     0.78772437      3.9315329     0.78772437
      2.2200000     -1.5153260      1.7326715     0.75088874      9.3459804     0.75088874
      2.2400000     -1.4843234      1.9858904     0.71257959      21.927440     0.71257959
      2.2600000     -1.4368150      2.5667939     0.51103590      435.95821     0.56993273
      2.2800000     -1.4004486      2.7110300     0.52646136      99.560724     0.52646189
      2.3000000     -1.3556089      2.3964472     0.25529128      545.03683     0.40386696
