      2.0000000     -1.7457821     0.72712351     0.91149890     0.37651816     0.91149890
      2.0200000     -1.7308048     0.76372057     0.90468326     0.42743200     0.90468326
      2.0400000     -1.7148340     0.82038556     0.89713656     0.52178604     0.89713656
      2.0600000     -1.6984500     0.86131940     0.88853869     0.64646387     0.88853869
      2.0800000     -1.6819286     0.91144869     0.88039372     0.70700678     0.88039372
      2.1000000     -1.6623641     0.98139063     0.86864942      1.0400142     0.86864942
      2.1200000     -1.6443257      1.0324897     0.85895313      1.1929666     0.85895313
      2.1400000     -1.6210553      1.0802972     0.84333635      1.4492650     0.84333635
      2.1600000     -1.5986129      1.1999072     0.82775006      2.2238299     0.82775006
      2.1800000     -1.5748911      1.2754339     0.81137814      2.3730890     0.81137814
      2.2000000     -1.5467554      1.4785240     0.78571197      4.0212728     0.78571197
      2.2200000     -1.5156568      1.5361360     0.75205361      8.6505399     0.75205361
      2.2400000     -1.4858527      1.7399439     0.72215494      10.318821     0.72215494
      2.2600000     -1.4462620      2.1872791     0.64943826      34.633342     0.64972326
      2.2800000     -1.4096757      2.2110839     0.52608810      154.90867     0.58847068
      2.3000000     -1.3633214      2.1038622     0.37493210      208.43263     0.49320204
