      2.1000000     -1.6636225     0.91761429     0.87171900     0.75596858     0.87171900
      2.1100000     -1.6515215      1.0355419     0.86055250      1.3448530     0.86061375
      2.1200000     -1.6464700     0.94900935     0.86273888     0.77940999     0.86273888
      2.1300000     -1.6300138      1.0667546     0.84856550      1.3087924     0.84856550
      2.1400000     -1.6170295      1.1574606     0.83922300      1.6040904     0.83922600
      2.1500000     -1.6040938      1.2422883    0.096457000      127.84836     0.82623025
      2.1600000     -1.5960288      1.1785281     0.54090525      74.387928     0.82789950
      2.1700000     -1.5882573      1.2121744     0.82123713      2.0915447     0.82142063
      2.1800000     -1.5701608      1.2427718     0.71077363      29.285257     0.80856113
      2.1900000     -1.5526680      1.4291000     0.65835325      37.716840     0.78642250
      2.2000000     -1.5503415      1.3022007     0.79494425      2.6675458     0.79535800
      2.2100000     -1.5308548      1.4750867     0.51163300      64.121694     0.77097775
      2.2200000     -1.5182743      1.4833114     0.43514863      74.547340     0.76140337
      2.2300000     -1.5008093      1.4715882  -0.0091485000      104.42639     0.74700150
      2.2400000     -1.4908400      1.4604448     0.23851900      92.715778     0.74376125
      2.2500000     -1.4701265      1.6146919    -0.15115413      92.316704     0.71147788
      2.2600000     -1.4493230      1.5903506     0.20984787      83.632752     0.69414513
      2.2700000     -1.4536760      1.5461470     0.26159338      81.743907     0.70924338
      2.2800000     -1.4393285      1.5321371     0.34747737      69.498726     0.69948013
      2.2900000     -1.3999820      1.7448668     0.22782150      69.358888     0.63360650
      2.3000000     -1.3862793      1.7015073    -0.15136850      71.361747     0.62039625
      2.3100000     -1.3818418      1.6686445    -0.12324688      73.360976     0.62892563
      2.3200000     -1.3682098      1.6390824    0.015973000      72.961644     0.61591625
      2.3300000     -1.3461830      1.5941432    -0.17419138      61.505941     0.58346463
      2.3400000     -1.3362733      1.6308521    -0.10332600      63.574191     0.57711275
      2.3500000     -1.3158270      1.6223639    -0.14482163      57.181269     0.55377263
      2.3600000     -1.2991403      1.5896419   -0.010182875      56.657888     0.53059113
      2.3700000     -1.2853118      1.5659448    -0.12462375      51.069658     0.51412350
      2.3800000     -1.2662330      1.4693870   0.0040606250      49.786115     0.49451788
      2.3900000     -1.2529323      1.4404471     0.16609187      41.574029     0.47300863
      2.4000000     -1.2428425      1.4668452    0.051179625      44.299519     0.46336088
