      2.0000000     -1.7452346     0.73823893     0.91094288     0.40693854     0.91094288
      2.0200000     -1.7307357     0.76535150     0.90407994     0.48368017     0.90407994
      2.0400000     -1.7151816     0.82591383     0.89678875     0.57340005     0.89678875
      2.0600000     -1.6982498     0.84956030     0.88846997     0.59332116     0.88846997
      2.0800000     -1.6812754     0.92455724     0.87941063     0.79694764     0.87941063
      2.1000000     -1.6650607     0.96972072     0.87120703     0.90463922     0.87120703
      2.1200000     -1.6414924      1.0303124     0.85677781      1.1061981     0.85677781
      2.1400000     -1.6200421      1.1133246     0.84216741      1.6129952     0.84216741
      2.1600000     -1.5976857      1.1193933     0.82768941      1.6700934     0.82768941
      2.1800000     -1.5736710      1.2901441     0.80869369      2.5784876     0.80869369
      2.2000000     -1.5500814      1.3021340     0.79402169      2.7055827     0.79402169
      2.2200000     -1.5133452      1.7226764     0.49267822      235.22351     0.74477728
      2.2400000     -1.4859156      1.6858020     0.72026922      8.8727739     0.72026922
      2.2600000     -1.4411551      2.1300509     0.27741659      255.97330     0.62825347
      2.2800000     -1.4097048      2.0784778    0.020316094      279.17022     0.60169534
      2.3000000     -1.3726176      1.9944199     0.26314819      185.46215     0.54662300
