      2.1000000     -1.6613292     0.97108156     0.79055582      25.423190     0.86787310
      2.1200000     -1.6412313      1.0355009     0.50106971      92.069936     0.85577034
      2.1400000     -1.6226904      1.0783467     0.38572941      107.10622     0.84504939
      2.1600000     -1.5965163      1.1931721     0.31564241      109.75529     0.82504496
      2.1800000     -1.5743795      1.2539425   0.0050199750      122.83332     0.81015995
      2.2000000     -1.5482137      1.3363879     0.33237888      96.407660     0.78986798
      2.2200000     -1.5185573      1.4336555    -0.10226221      106.99075     0.76320536
      2.2400000     -1.4912911      1.5086572    -0.15144116      98.199496     0.73954854
      2.2600000     -1.4592838      1.5857188    0.044079688      94.084835     0.70779216
      2.2800000     -1.4277400      1.6339043   -0.026248763      86.567590     0.67607729
      2.3000000     -1.3915667      1.6811351  -0.0019368125      77.536371     0.63326876
      2.3200000     -1.3618003      1.6622910    0.099217338      68.917561     0.60172159
      2.3400000     -1.3289534      1.6450403  -0.0025405125      63.052540     0.56334616
      2.3600000     -1.2984158      1.5635560   -0.021823325      56.259716     0.52917288
      2.3800000     -1.2634308      1.5078001   -0.027814200      48.294658     0.48343195
