      2.1000000     -1.6663300      1114.6684     0.87583000      308.00118     0.87583000
      2.1100000     -1.6621800      1109.3762     0.87191500      305.72367     0.87191500
      2.1200000     -1.6408900      1081.2938     0.85810000      296.22524     0.85810000
      2.1300000     -1.6355400      1076.0771     0.85143000      293.22734     0.85143000
      2.1400000     -1.6390300      1078.8644     0.85869500      296.53673     0.85869500
      2.1500000     -1.6156400      1050.2818     0.84017500      285.75125     0.84017500
      2.1600000     -1.5795500      1003.1112     0.81204000      267.84516     0.81204000
      2.1700000     -1.6079600      1038.7121     0.84109500      285.14917     0.84109500
      2.1800000     -1.6033200      1033.0755     0.84551000      287.58840     0.84551000
      2.1900000     -1.5471200      965.54080    -0.38490000      246.60194     0.76491000
      2.2000000     -1.5510700      967.13492     0.80177500      260.13077     0.80177500
      2.2100000     -1.5690300      990.77684     0.81808500      270.82167     0.81808500
      2.2200000     -1.5613600      979.62536     0.81826500      270.12671     0.81826500
      2.2300000     -1.5073600      915.99112     0.75576500      235.87515     0.75576500
      2.2400000     -1.4467500      846.05076     0.66119000      195.46686     0.66365000
      2.2500000     -1.4532600      854.64240     0.68622500      207.09885     0.68623500
      2.2600000     -1.5128600      922.70136     0.78775500      252.37719     0.78775500
      2.2700000     -1.4624400      862.87064     0.72621500      220.21523     0.72621500
      2.2800000     -1.4580900      856.82204    -0.35404000      219.39612     0.72170000
      2.2900000     -1.3654700      754.41620     0.41440500      133.83029     0.50369500
      2.3000000     -1.3408900      728.18652     0.28486500      139.94305     0.54889500
      2.3100000     -1.3001100      684.82860     0.40308500      116.87177     0.48724500
      2.3200000     -1.3650600      753.58768     0.25953500      173.58019     0.63198500
      2.3300000     -1.3861000      776.91936    -0.32627500      186.35321     0.65598500
      2.3400000     -1.3002900      684.46316    0.019325000      119.08529     0.49255500
      2.3500000     -1.2954100      678.72956     0.55275500      138.87011     0.55372500
      2.3600000     -1.3318100      719.40452     0.58836500      154.29469     0.58836500
      2.3700000     -1.2797100      664.71604   -0.070275000      128.44083     0.50768500
      2.3800000     -1.2793500      662.05132    -0.23742000      133.54382     0.54839000
      2.3900000     -1.2394600      622.35672     0.14932000      100.13560     0.43932000
      2.4000000     -1.2150700      597.28284     0.41326000      95.347900     0.45138000
